u,v,dist
569198774,4304674927,8.33065058089
4304674927,569198774,8.33065058089
653109406,653109408,311.329340186
653109408,653109406,311.329340186
653109408,653109409,150.546328547
653109409,653109408,150.546328547
4978929724,4978929103,65.3616704747
4978929103,4978929724,65.3616704747
4979143117,4979142328,62.3925628783
4979142328,4979143117,62.3925628783
4978896357,4978894806,137.160871759
4978894806,4978896357,137.160871759
4972483385,4972483357,48.5307985364
4972483357,4972483385,48.5307985364
7070862304,7070862300,128.892566402
7070862300,7070862304,128.892566402
6709300442,6709300441,62.2709811889
6709300441,6709300442,62.2709811889
4977206596,4977206602,49.2743961044
4977206602,4977206596,49.2743961044
4977206602,4977206601,96.2749774655
4977206601,4977206602,96.2749774655
4977091407,4977091406,98.3980742685
4977091406,4977091407,98.3980742685
6205702045,6714907337,1383.96856329
6714907337,6709193517,165.114964717
6709193517,6205702058,114.578199488
6205702058,6205702066,396.934237194
6205702066,1364534602,115.929794975
1364534602,1698245643,105.65862675
1698245643,1364534640,28.2558322331
4976869338,4976869337,61.1515799702
4976869337,4976869338,61.1515799702
4978331923,4978331922,35.9272248525
4978331922,4978331923,35.9272248525
4976868498,4976868497,47.2809856526
4976868497,4976868498,47.2809856526
4978880432,4978879459,47.2141156606
4978879459,4978880432,47.2141156606
4978879459,4978880194,270.904106317
4978880194,4978879459,270.904106317
4972481155,4972481160,98.9184411252
4972481160,4972481155,98.9184411252
4972481160,4972481191,36.6973920097
4972481191,4972481160,36.6973920097
4972481191,4972481124,48.9328434264
4972481124,4972481191,48.9328434264
4972481124,4972481008,125.443991185
4972481008,4972481124,125.443991185
4972481008,4972480947,55.352229239
4972480947,4972481008,55.352229239
4972480947,4972480513,121.131749245
4972480513,4972480947,121.131749245
4972480513,4972480477,48.37757196
4972480477,4972480513,48.37757196
4976870503,4972482065,201.343930029
4972482065,4976870503,201.343930029
6715061021,6715061017,174.754987455
6715061017,6715061021,174.754987455
4979001607,4978979729,158.276920907
4978979729,4979001607,158.276920907
4978979729,4978979027,135.163978521
4978979027,4978979729,135.163978521
4978979027,4978999651,154.051995806
4978999651,4978979027,154.051995806
4977206602,4977206611,279.412799545
4977206611,4977206602,279.412799545
4994112168,4994112191,222.016536509
4994112191,4994112168,222.016536509
4972480399,4972480788,138.648047549
4972480788,4972480399,138.648047549
4972480788,4972480814,150.949726868
4972480814,4972480788,150.949726868
4983806800,6715305172,134.118269999
6715305172,4983806800,134.118269999
6715305172,4983806799,49.1295688269
4983806799,6715305172,49.1295688269
4983806799,6715305173,26.8792555838
6715305173,4983806799,26.8792555838
6715305173,4983821335,240.68806704
4983821335,6715305173,240.68806704
4977091812,4977091766,11.2923236802
4977091766,4977091812,11.2923236802
4977091766,4977091780,122.191027176
4977091780,4977091766,122.191027176
4977091780,4977091742,60.1757536609
4977091742,4977091780,60.1757536609
4977091742,4977091777,65.2467615817
4977091777,4977091742,65.2467615817
4977091777,4977091778,17.8480164333
4977091778,4977091777,17.8480164333
4977091778,4977091624,120.773543108
4977091624,4977091778,120.773543108
4977091624,4977091782,161.121737184
4977091782,4977091624,161.121737184
4979009370,4979001610,98.3681085145
4979001610,4979009370,98.3681085145
4979001610,4978976931,12.6364140475
4978976931,4979001610,12.6364140475
4978976931,4978982945,235.065218605
4978982945,4978976931,235.065218605
4979124012,4979124456,131.199123073
4979124456,4979124012,131.199123073
4976867957,4976867956,19.8740363517
4976867956,4976867957,19.8740363517
4976867956,5253826085,171.191814808
5253826085,4976867956,171.191814808
5253826085,4976867954,108.8035693
4976867954,5253826085,108.8035693
7085638952,7085638951,186.752640634
7085638951,7085638952,186.752640634
6869065464,6869065463,43.971828016
6869065463,6869065464,43.971828016
1364513223,1364513098,86.7667757464
1364513098,1364513223,86.7667757464
4979091428,4979098255,52.7393846456
4979098255,4979091428,52.7393846456
4979098255,4979098629,33.6092119971
4979098629,4979098255,33.6092119971
4979260833,5789025764,61.8671955228
5789025764,4979260833,61.8671955228
4976595820,4976595809,307.133939486
4976595809,4976595820,307.133939486
4892939106,4892939105,78.9637061512
4892939105,4892939106,78.9637061512
4892939105,4892939104,22.9217492626
4892939104,4892939105,22.9217492626
4892939104,4892939103,63.2092593771
4892939103,4892939104,63.2092593771
4892939103,4892939102,42.6603113005
4892939102,4892939103,42.6603113005
4892939102,4978917974,165.323122637
4978917974,4892939102,165.323122637
4978917974,4892939109,92.5670856052
4892939109,4978917974,92.5670856052
4892939109,4892939094,148.032798382
4892939094,4892939109,148.032798382
4983814015,4983814296,179.695451229
4983814296,4983814015,179.695451229
4983814296,4983813988,77.5891533779
4983813988,4983814296,77.5891533779
4994124865,4994124870,179.544626595
4994124870,4994124865,179.544626595
4994124870,4994124871,126.635729933
4994124871,4994124870,126.635729933
4994124871,4976595791,31.2620348806
4976595791,4994124871,31.2620348806
1364340634,1364340422,84.6995095625
1364340422,1364340634,84.6995095625
1364340422,1364340463,19.2167188106
1364340463,1364340422,19.2167188106
1364588707,4976515386,129.460529557
4976515386,1364588707,129.460529557
4976515386,1364588879,47.6053213258
1364588879,4976515386,47.6053213258
1364588879,4976541529,96.4823556095
4976541529,1364588879,96.4823556095
4976541529,4976541531,47.4510293343
4976541531,4976541529,47.4510293343
4976541531,4976541535,41.8959575858
4976541535,4976541531,41.8959575858
4976541535,1364589030,236.0685469
1364589030,4976541535,236.0685469
1364589030,4976509472,49.7684901618
4976509472,1364589030,49.7684901618
4976509472,1364588659,63.4180760706
1364588659,4976509472,63.4180760706
1364588659,1364588837,67.4366742445
1364588837,1364588659,67.4366742445
1364588837,1364588729,288.275605223
1364588729,1364588837,288.275605223
4979128312,4979128670,124.84865973
4979128670,4979128312,124.84865973
4979149921,4979142617,107.388786747
4979142617,4979149921,107.388786747
4974677885,4974677886,108.750772098
4974677886,4974677885,108.750772098
4974677886,4974677887,128.20936546
4974677887,4974677886,128.20936546
6880340281,6880340282,67.8566688454
6880340282,6880340281,67.8566688454
5592421284,5592363916,1020.89675172
5592363916,5592421284,1020.89675172
1364588872,4978929092,113.311869187
4978929092,1364588872,113.311869187
4974677922,4974677924,106.467991717
4974677924,4974677922,106.467991717
4976572446,4976572447,84.1243919232
4976572447,4976572446,84.1243919232
4976572447,4976572477,85.4140263173
4976572477,4976572447,85.4140263173
4976572477,4976572448,30.615246575
4976572448,4976572477,30.615246575
4994016445,4994016448,195.423362188
4994016448,4994016445,195.423362188
4994016410,4994016413,62.0152561403
4994016413,4994016410,62.0152561403
7123305947,7123305948,13.2624131957
566697687,6158274100,90.1630838069
6158274100,566697687,90.1630838069
4976724190,4976724198,215.791890395
4976724198,4976724190,215.791890395
2686165178,2686165182,34.316757418
2686165182,2686165178,34.316757418
2686165182,4979137007,53.3292135869
4979137007,2686165182,53.3292135869
4979137007,3652850233,57.8505530499
3652850233,4979137007,57.8505530499
3652850233,2686165185,43.4951634772
2686165185,3652850233,43.4951634772
2686165185,2686165187,51.5430560095
2686165187,2686165185,51.5430560095
2686165187,4979133663,5.56204019115
4979133663,2686165187,5.56204019115
4979133663,4979134010,16.4204063695
4979134010,4979133663,16.4204063695
4979134010,2686165188,22.4724483239
2686165188,4979134010,22.4724483239
2686165188,4979132260,18.4973930242
4979132260,2686165188,18.4973930242
4979132260,4979134006,31.4939372824
4979134006,4979132260,31.4939372824
4979134006,2686165190,30.2073419272
2686165190,4979134006,30.2073419272
2686165190,2686216950,14.9914652308
2686216950,2686165190,14.9914652308
2686216950,4979130547,49.017560952
4979130547,2686216950,49.017560952
4979130547,2686165193,48.8112740307
2686165193,4979130547,48.8112740307
2686165193,2686216941,4.76990330811
2686216941,2686165193,4.76990330811
2686216941,4979133626,38.2070205735
4979133626,2686216941,38.2070205735
4979133626,2686165195,42.395363956
2686165195,4979133626,42.395363956
2686165195,2686216935,5.5897979531
2686216935,2686165195,5.5897979531
2686216935,2686165196,66.2468329949
2686165196,2686216935,66.2468329949
2686165196,2686216923,8.32281925304
2686216923,2686165196,8.32281925304
2686216923,2686216916,73.5601492949
2686216916,2686216923,73.5601492949
2686216916,4979133991,8.70927984639
4979133991,2686216916,8.70927984639
4979133991,4979133627,42.9448001634
4979133627,4979133991,42.9448001634
4979133627,2686165199,15.2896810475
2686165199,4979133627,15.2896810475
2686165199,4979132196,46.71557237
4979132196,2686165199,46.71557237
4979132196,7108050210,64.514256503
7108050210,4979132196,64.514256503
7108050210,2686165203,86.1299074178
2686165203,7108050210,86.1299074178
4890614418,4890614419,54.4971165878
4890614419,4890614418,54.4971165878
4890614419,4890614417,146.51434434
4890614417,4890614419,146.51434434
1364513462,1364513774,167.969305037
1364513774,1364513462,167.969305037
1364513774,1364513699,236.161734506
1364513699,1364513774,236.161734506
4972483464,4972483447,308.345079085
4972483447,4972483464,308.345079085
4972483447,4972483443,260.868551365
4972483443,4972483447,260.868551365
4972483443,4972483442,252.076891761
4972483442,4972483443,252.076891761
4976572424,4976572429,85.2146440968
4976572429,4976572424,85.2146440968
4976572429,4976572430,41.6530184256
4976572430,4976572429,41.6530184256
1364513661,1364513602,204.511943467
1364513602,1364513661,204.511943467
1364513602,1364513126,79.2238331665
1364513126,1364513602,79.2238331665
4978886687,4978884628,32.351438404
4978884628,4978886687,32.351438404
4978884628,4978884984,83.0379547741
4978884984,4978884628,83.0379547741
4978884984,4978883513,3.21854756325
4978883513,4978884984,3.21854756325
4978883513,4978885790,87.8665131543
4978885790,4978883513,87.8665131543
5443154497,5443154516,10.9823425856
5443154516,5443154497,10.9823425856
4976864958,4976862888,104.370075109
4976862888,4976864958,104.370075109
4976862888,4976862890,11.0437283362
4976862890,4976862888,11.0437283362
4976862890,4976862900,42.3468824591
4976862900,4976862890,42.3468824591
6714685172,6714760903,373.093240476
6714760903,6714760904,202.578131498
6714760904,6722775485,374.864421154
6722775485,5439831215,329.150584632
6709524698,6709524690,148.625283995
6709524690,6709524698,148.625283995
6722629298,6722629297,92.6967077693
6722629297,6722629298,92.6967077693
4976866485,4976866479,166.691889458
4976866479,4976866485,166.691889458
4978979278,4978979536,133.217003334
4978979536,4978979278,133.217003334
4975037500,4975037507,182.504711702
4975037507,4975037500,182.504711702
4976466164,6722534029,379.522316473
6722534029,4976466164,379.522316473
6722534029,4976466171,79.2185410495
4976466171,6722534029,79.2185410495
2283874514,2283874495,39.0813865947
2283874495,2283874514,39.0813865947
4983818345,4983811707,125.625179318
4983811707,4983818345,125.625179318
4983811707,4983811640,237.077047201
4983811640,4983811707,237.077047201
5053031696,5053031706,332.198258662
5053031706,5053031696,332.198258662
4977089308,4977089301,73.7054553197
4977089301,4977089308,73.7054553197
4977090264,4978332935,104.684211454
4978332935,4977090264,104.684211454
1359194470,1359194746,34.232179683
1359194746,1359194470,34.232179683
4976867616,4976867615,50.5220219234
4976867615,4976867616,50.5220219234
4978929102,4978929103,63.8350726155
4978929103,4978929102,63.8350726155
4978929103,4978929101,69.6563710796
4978929101,4978929103,69.6563710796
5443154922,5443154923,19.6858858363
5443154923,5443154922,19.6858858363
4978903041,4978908048,50.4780898352
4978908048,4978903041,50.4780898352
4978908048,4978907736,57.2668784924
4978907736,4978908048,57.2668784924
4976870443,4976870439,418.906441001
4976870439,4976870443,418.906441001
4976870439,4976870436,110.266321311
4976870436,4976870439,110.266321311
4976870436,4976869758,98.8342037609
4976869758,4976870436,98.8342037609
4976869758,4976870319,199.450347729
4976870319,4976869758,199.450347729
4976870319,4976869743,163.578719416
4976869743,4976870319,163.578719416
4976869743,566684319,259.759636431
566684319,4976869743,259.759636431
4994016141,4994016147,207.090453532
4994016147,4994016141,207.090453532
4979149921,4979142619,142.031100734
4979142619,4979149921,142.031100734
4978330499,4978330498,109.025824799
4978330498,4978330499,109.025824799
4976662802,6098934671,39.64337014
6098934671,4976662802,39.64337014
1364340406,7085598126,169.947318155
7085598126,1364340406,169.947318155
7085598126,1364340173,23.0393015026
1364340173,7085598126,23.0393015026
1364340173,4979126961,474.918618104
4979126961,1364340173,474.918618104
653997373,4890614290,79.7865681902
4890614290,653997373,79.7865681902
4890614290,4890614289,116.310291135
4890614289,4890614290,116.310291135
4890614289,4890614288,61.3578885763
4890614288,4890614289,61.3578885763
4977091217,4977091156,149.079376416
4977091156,4977091217,149.079376416
4977091156,4977091155,37.3139759315
4977091155,4977091156,37.3139759315
4977091155,4977091154,144.483442341
4977091154,4977091155,144.483442341
4977091154,4977091153,143.44938852
4977091153,4977091154,143.44938852
4977091153,4977091209,202.581690333
4977091209,4977091153,202.581690333
4977091209,4977091152,32.890692446
4977091152,4977091209,32.890692446
4977091152,4977091205,32.3503882313
4977091205,4977091152,32.3503882313
4977091205,4977091198,143.005532202
4977091198,4977091205,143.005532202
4977091198,4977091185,154.142113022
4977091185,4977091198,154.142113022
4977091185,4977091549,62.4266581817
4977091549,4977091185,62.4266581817
7113032926,7113032914,8.02075942117
7113032914,7113032917,7.97792848112
7113032917,7113032921,13.3411130426
7113032921,7113032922,2.66972134138
7113032922,7113032925,7.97354287105
7113032925,7113032926,2.66315051749
1364514061,1364513804,50.8944671957
1364513804,1364514061,50.8944671957
4976732257,4976732264,177.138004964
4976732264,4976732257,177.138004964
4976732264,4976732265,81.3560988079
4976732265,4976732264,81.3560988079
7085684077,7085684074,67.3934825986
7085684074,7085684077,67.3934825986
4989695350,4989695365,664.462808611
4989695365,4989695350,664.462808611
4989695365,4989788773,83.8557673768
4989788773,4989695365,83.8557673768
4989788773,4989695376,118.543181133
4989695376,4989788773,118.543181133
6205702058,6205702059,6.33206401281
6205702059,6205702058,6.33206401281
6205702059,653107362,171.346884492
653107362,6205702059,171.346884492
653107362,1425049660,196.918349061
1425049660,653107362,196.918349061
1425049660,1425049652,33.2267166111
1425049652,1425049660,33.2267166111
1425049652,6866097828,107.768277557
6866097828,1425049652,107.768277557
6866097828,653097078,33.1009001094
653097078,6866097828,33.1009001094
4976580971,1359194729,190.705664842
1359194729,4976580971,190.705664842
1359194729,1359194799,62.4517144572
1359194799,1359194729,62.4517144572
1359194799,4976615573,92.8897062137
4976615573,1359194799,92.8897062137
4976615573,1359194481,61.7111765421
1359194481,4976615573,61.7111765421
1359194481,1359194866,87.0167547329
1359194866,1359194481,87.0167547329
4977090397,4983830930,241.688629752
4983830930,4977090397,241.688629752
4976868443,4976868211,116.312187278
4976868211,4976868443,116.312187278
5498049202,4969276048,62.1342470337
4969276048,5498049202,62.1342470337
4969276048,4969276045,62.6105041233
4969276045,4969276048,62.6105041233
4972480216,4972480155,90.8169018115
4972480155,4972480216,90.8169018115
4890808060,4978933735,243.706595832
4978933735,4890808060,243.706595832
4979002436,4979032608,124.149665249
4979032608,4979002436,124.149665249
5253933849,5253933877,2129.71119522
5253933877,5253933849,2129.71119522
5253933877,5253933896,1506.65188729
5253933896,5253933877,1506.65188729
5253933896,5253841767,231.555016854
5253841767,5253933896,231.555016854
5253841767,5253933908,347.291407009
5253933908,5253841767,347.291407009
4976868853,4976868852,69.6007692709
4976868852,4976868853,69.6007692709
4976532002,4976532003,139.796265499
4976532003,4976532002,139.796265499
5622971366,2686216975,206.009384611
2686216975,5622971366,206.009384611
4892666048,4976467477,151.844526414
4976467477,4892666048,151.844526414
4992432682,4992432685,113.993790799
4992432685,4992432682,113.993790799
4977206339,4977206343,259.648476422
4977206343,4977206339,259.648476422
4979098627,4979098539,83.2056162868
4979098539,4979098627,83.2056162868
4979098539,4979098533,111.05975805
4979098533,4979098539,111.05975805
4976865320,4976865271,96.5211071938
4976865271,4976865320,96.5211071938
4976865271,4976865270,45.5179121237
4976865270,4976865271,45.5179121237
4976865270,4976865815,256.183810445
4976865815,4976865270,256.183810445
4976865815,4976865319,65.6341808017
4976865319,4976865815,65.6341808017
4976865319,4976865817,130.509138981
4976865817,4976865319,130.509138981
4976865817,4976862870,102.262894144
4976862870,4976865817,102.262894144
4976862870,4976865281,23.838568132
4976865281,4976862870,23.838568132
4976865281,4976865282,56.2969242103
4976865282,4976865281,56.2969242103
4976865282,4976865285,68.4753161158
4976865285,4976865282,68.4753161158
4976865285,4976865287,127.978066701
4976865287,4976865285,127.978066701
4976865287,4976865711,566.822286977
4976865711,4976865287,566.822286977
5517064116,5517064120,103.942215569
5517064120,5517064116,103.942215569
4972482233,4972482264,63.0346004012
4972482264,4972482233,63.0346004012
4972482264,4972482077,70.943319063
4972482077,4972482264,70.943319063
4972478796,4972478795,43.808284772
4972478795,4972478796,43.808284772
4972478795,4972478811,188.617789519
4972478811,4972478795,188.617789519
4976541118,4976541119,165.230818106
4976541119,4976541118,165.230818106
7123305945,7123305946,11.3675606681
7123305946,7123305945,11.3675606681
4978330448,4978330246,79.492345063
4978330246,4978330448,79.492345063
4978330246,4978330447,44.181946676
4978330447,4978330246,44.181946676
4978330447,4978330440,224.257372731
4978330440,4978330447,224.257372731
4978330440,4978330431,258.984130846
4978330431,4978330440,258.984130846
4978330431,4978330427,180.42805089
4978330427,4978330431,180.42805089
4978330427,4978330424,158.335383099
4978330424,4978330427,158.335383099
4978330424,4978330421,131.335488773
4978330421,4978330424,131.335488773
4977089671,4977089670,68.549504374
4977089670,4977089671,68.549504374
7053748497,7053748496,107.891270597
7053748496,7053748497,107.891270597
4892666188,4892666187,18.410408819
4892666187,4892666188,18.410408819
1364340305,4162107544,22.714986669
6880055815,6880055834,90.4896402314
6880055834,6880055833,96.5213318642
6880055833,6880055832,64.5406584071
6880055832,6880055827,181.7285898
4972481542,4972481357,133.38952478
4972481357,4972481542,133.38952478
4972481357,4972481217,21.2723861088
4972481217,4972481357,21.2723861088
4976865811,4976865807,87.350170228
4976865807,4976865811,87.350170228
4979123438,4979122927,154.851564833
4979122927,4979123438,154.851564833
4974642044,4975167303,65.1293428592
4975167303,4974642044,65.1293428592
4979152430,4979154079,32.1475656401
4979154079,4979152430,32.1475656401
5789291242,4978956314,248.77577934
4978956314,5789291242,248.77577934
5255443625,4976478354,75.9528755173
4976478354,5255443625,75.9528755173
4976478354,4976478356,168.06932941
4976478356,4976478354,168.06932941
4979093941,4979082156,216.932915252
4979082156,4979093941,216.932915252
1364608111,4976532230,83.6318800395
4976532230,1364608111,83.6318800395
4976532230,4890745880,105.883248084
4890745880,4976532230,105.883248084
4979167768,4979168818,65.6083286832
4979168818,4979167768,65.6083286832
4890808085,4977206338,205.915022985
4977206338,4890808085,205.915022985
4977206338,4977206312,79.8980195038
4977206312,4977206338,79.8980195038
4977206312,4977206307,70.5336979832
4977206307,4977206312,70.5336979832
4977206307,4977206305,47.3804048557
4977206305,4977206307,47.3804048557
4977206305,4977206303,130.952617304
4977206303,4977206305,130.952617304
4977206303,4977284862,176.214409355
4977284862,4977206303,176.214409355
4977284862,4977206302,219.216016691
4977206302,4977284862,219.216016691
4424514357,4989841293,21.0636756393
4989841293,4424514357,21.0636756393
4989841293,4989842794,18.7516135975
4989842794,4989841293,18.7516135975
4989842794,4989840013,147.184535142
4989840013,4989842794,147.184535142
4989840013,4989841225,96.6569129009
4989841225,4989840013,96.6569129009
4989841225,4424514414,69.171459159
4424514414,4989841225,69.171459159
4424514414,4424514423,57.3034225645
4424514423,4424514414,57.3034225645
4975237220,4975237221,76.3383699941
4975237221,4975237220,76.3383699941
4975237221,4975237247,523.718211284
4975237247,4975237221,523.718211284
4975237247,4975243418,12.368363185
4975243418,4975237247,12.368363185
4975243418,4975237246,33.5008594782
4975237246,4975243418,33.5008594782
4892666157,4892666116,132.000351911
4892666116,4892666157,132.000351911
4892666116,4892666112,59.6074176164
4892666112,4892666116,59.6074176164
4892666112,4892666109,70.5487024803
4892666109,4892666112,70.5487024803
4892666109,6714964143,29.8453359906
6714964143,4892666109,29.8453359906
6714964143,4892666096,390.600992639
4892666096,6714964143,390.600992639
4892666096,4892666088,306.352423175
4892666088,4892666096,306.352423175
4978893667,4978880545,62.4447783702
4978880545,4978893667,62.4447783702
4978880545,4978880543,73.6528058677
4978880543,4978880545,73.6528058677
4976869093,4976869092,101.115774819
4976869092,4976869093,101.115774819
5002447872,5002447881,400.531648534
5002447881,5002447872,400.531648534
1364588919,4976541529,140.075938572
4976541529,1364588919,140.075938572
566666211,3897025448,56.2646085215
4979047766,4979047764,25.0837577789
4979047764,4979047766,25.0837577789
4979047764,4979034796,35.4641562552
4979034796,4979047764,35.4641562552
4977206331,4977206334,213.012072021
4977206334,4977206331,213.012072021
4977206334,4977206338,272.622299129
4977206338,4977206334,272.622299129
5592600406,5592600416,262.228501517
5592600416,5592600406,262.228501517
5592600416,4892883424,50.3453575332
4892883424,5592600416,50.3453575332
4892883424,5592600415,61.2541116574
5592600415,4892883424,61.2541116574
4890614367,4890614364,134.934219904
4890614364,4890614367,134.934219904
4890614364,4890614368,91.7075392403
4890614368,4890614364,91.7075392403
4890614368,4890614363,7.0005124377
4890614363,4890614368,7.0005124377
6880586298,6880567681,204.180719732
6880567681,6880586298,204.180719732
4974547853,4974547855,130.053816463
4974547855,4974547853,130.053816463
4978881717,4978881497,24.1367313485
4978881497,4978881717,24.1367313485
4979124393,4979123984,180.742467492
4979123984,4979124393,180.742467492
4977206344,4977206343,38.9287077979
4977206343,4977206344,38.9287077979
4977206343,4977206345,29.7829833731
4977206345,4977206343,29.7829833731
4978993416,4979001689,221.552853131
4979001689,4978993416,221.552853131
2344049404,4979149415,78.0380643276
4979149415,2344049404,78.0380643276
4979149415,4979149946,38.0662981051
4979149946,4979149415,38.0662981051
4976865797,4976865796,66.3931981696
4976865796,4976865797,66.3931981696
4979103207,4979103417,262.418374498
4979103417,4979103207,262.418374498
4977214484,4977214487,109.381593085
4977214487,4977214484,109.381593085
4974707448,6707408182,81.8326003565
6707408182,4079923066,27.4738983198
4079923066,4974710949,79.6394812474
4974710949,6707408184,72.6945223013
6707408184,6709182957,222.444263444
6709182957,653996638,28.4690874329
653996638,653996632,134.798358691
653996632,653996627,67.542940868
653996627,4974640801,25.3349274248
4974640801,6880960832,281.547676529
6880960832,1364588909,274.059145906
1364588909,4974537487,142.395093711
4974537487,653996610,163.294154677
653996610,4079922159,434.305898622
4079922159,4079922156,17.9115226893
4972480948,4972480769,78.8258570149
4972480769,4972480948,78.8258570149
1380069193,5002447891,66.4004857922
5002447891,1380069193,66.4004857922
5002447891,4989695107,540.873418686
4989695107,5002447891,540.873418686
4989695107,5002447848,43.8478879722
5002447848,4989695107,43.8478879722
5002447848,4989788761,213.943285869
4989788761,5002447848,213.943285869
4989788761,4991679422,429.450356044
4991679422,4989788761,429.450356044
4991679422,4989695110,22.7931941156
4989695110,4991679422,22.7931941156
4989695110,5002446724,764.125477933
5002446724,4989695110,764.125477933
5002446724,4989788735,6.83207856624
4989788735,5002446724,6.83207856624
4989788735,4989788743,349.404775357
4989788743,4989788735,349.404775357
4989788743,5002446734,698.911240695
5002446734,4989788743,698.911240695
5002446734,4989757233,210.593549877
4989757233,5002446734,210.593549877
4989757233,4989873541,203.458584292
4989873541,4989757233,203.458584292
4977089813,4977089811,63.5639270176
4977089811,4977089813,63.5639270176
4977089811,4977089812,28.346942821
4977089812,4977089811,28.346942821
4979112292,4979112291,51.4978699575
4979112291,4979112292,51.4978699575
1364588947,5496176948,98.1541563076
5496176948,1364588947,98.1541563076
5496176948,7071474129,306.939614246
7071474129,5496176948,306.939614246
4977206237,4977206269,174.053243654
4977206269,4977206237,174.053243654
4978913230,4978913822,122.320070716
4978913822,4978913230,122.320070716
7087318700,7087318686,223.14069598
7087318686,7087318700,223.14069598
1359194648,4722087893,46.511107
4722087893,1359194648,46.511107
4722087893,4976595347,182.100869491
4976595347,4722087893,182.100869491
4976595347,4976580968,10.8655600549
4976580968,4976595347,10.8655600549
1698296714,653109528,121.109695283
653109528,1698296714,121.109695283
4890808042,4978933474,428.290913725
4978933474,4890808042,428.290913725
4424514436,4424514481,216.696577677
4424514481,4424514436,216.696577677
4424514481,4989515195,71.6422257382
4989515195,4424514481,71.6422257382
4989515195,4989515162,137.714600978
4989515162,4989515195,137.714600978
4989515162,4424514523,57.0489735263
4424514523,4989515162,57.0489735263
4424514523,4989515165,177.186041968
4989515165,4424514523,177.186041968
4989515165,4989515166,286.802350673
4989515166,4989515165,286.802350673
4989515166,1380068757,83.4960673497
1380068757,4989515166,83.4960673497
4983829510,4983818851,388.09905231
4983818851,4983829510,388.09905231
5445030343,5445030344,22.5143144622
5445030344,5445030345,60.2582521335
5517078319,5517092582,100.874807318
5517092582,5517078319,100.874807318
4976869063,4976869062,30.8953835772
4976869062,4976869063,30.8953835772
4976865897,4976865891,86.0111160732
4976865891,4976865897,86.0111160732
4976747193,4976747196,140.691885342
4976747196,4976747193,140.691885342
566646170,4982716471,129.894597214
4982716471,2328418250,176.852555189
4890614265,4890614287,33.6895046475
4890614287,4890614265,33.6895046475
4890808151,4890808136,355.021898897
4890808136,4890808151,355.021898897
4975025438,4975025443,57.4603853234
4975025443,4975025438,57.4603853234
4978332175,4978332172,71.77326484
4978332172,4978332175,71.77326484
4978932998,4978929136,105.271711151
4978929136,4978932998,105.271711151
4890808024,4978933516,32.6706706836
4978933516,4890808024,32.6706706836
1364340568,1364340249,79.2828140111
1364340249,1364340568,79.2828140111
1364340249,1364340887,122.866661503
1364340887,1364340249,122.866661503
1364340887,1364340777,206.210047071
1364340777,1364340887,206.210047071
4890779441,4890779439,81.1717614906
4890779439,4890779441,81.1717614906
4890779439,4976478340,51.314405287
4976478340,4890779439,51.314405287
4976478340,4890779438,8.00529822735
4890779438,4976478340,8.00529822735
4890779438,4976478341,60.7657016737
4976478341,4890779438,60.7657016737
4976478341,4890779437,39.6765219117
4890779437,4976478341,39.6765219117
4890779437,4976478350,36.4008709338
4976478350,4890779437,36.4008709338
4976478350,4976545968,30.1897688044
4976545968,4976478350,30.1897688044
4976545968,4890779434,181.34970988
4890779434,4976545968,181.34970988
4890779434,4976494469,6.07970231712
4976494469,4890779434,6.07970231712
4976494469,4890779433,65.063800539
4890779433,4976494469,65.063800539
4978982429,4978982428,32.449112999
4978982428,4978982429,32.449112999
7058852254,4978970141,512.873956837
4978970141,7058852254,512.873956837
5592421269,5592421275,253.730550255
5592421275,5592421269,253.730550255
7071529847,7071529844,15.647647634
7071529844,7071529847,15.647647634
5254025882,5592421276,224.478115011
5592421276,5254025882,224.478115011
5592421276,5254025911,383.070589002
5254025911,5592421276,383.070589002
4969276049,4969276048,60.3295861802
4969276048,4969276049,60.3295861802
4969276048,4969276047,58.2140439199
4969276047,4969276048,58.2140439199
4978894394,4978885815,58.241327389
4978885815,4978894394,58.241327389
4978885815,4890745875,25.5758359503
4890745875,4978885815,25.5758359503
4978922813,4978923652,58.6298569254
4978923652,4978922813,58.6298569254
4976867020,4976867019,54.3829791336
4976867019,4976867020,54.3829791336
4978933767,4978929138,42.9474168916
4978929138,4978933767,42.9474168916
6880586309,6880586286,47.5738923565
6880586286,6880586309,47.5738923565
4989695080,4989695081,83.4164036874
4989695081,4989695080,83.4164036874
4976868980,4976868958,76.2424530951
4976868958,4976868980,76.2424530951
5789580657,4978913825,5.899778116
4978913825,5789580657,5.899778116
4978913825,4978917919,32.6125153446
4978917919,4978913825,32.6125153446
4978917919,4978917925,55.6344494315
4978917925,4978917919,55.6344494315
4989788762,4989788756,327.476048249
4989788756,4989788762,327.476048249
5253866604,5253866631,1243.82321985
5253866631,5253866604,1243.82321985
5253866631,5253866637,188.126411334
5253866637,5253866631,188.126411334
4989695108,4989695109,111.349878812
4989695109,4989695108,111.349878812
5498041659,4976601018,9.52277170826
4976601018,5498041659,9.52277170826
4976601018,4976600979,356.282034526
4976600979,4976601018,356.282034526
4976600979,4976600983,133.537780132
4976600983,4976600979,133.537780132
6975597509,6975597502,281.530486839
6975597502,6975597509,281.530486839
6975597502,6975597499,124.305648558
6975597499,6975597502,124.305648558
6970904304,6970904303,53.9777602941
6970904303,6970904304,53.9777602941
6970904303,6970904302,75.855416643
6970904302,6970904303,75.855416643
4978884631,4978885814,35.5293228875
4978885814,4978884631,35.5293228875
4979124112,4979124020,116.404646872
4979124020,4979124112,116.404646872
4976467423,4976467425,204.790368319
4976467425,4976467423,204.790368319
4978902789,4978902846,138.065392968
4978902846,4978902789,138.065392968
4978902846,4978904705,318.635777988
4978904705,4978902846,318.635777988
4975070706,4975070714,335.657943107
4975070714,4975070706,335.657943107
5498693045,5498859630,64.8701914038
5498859630,5498693045,64.8701914038
4978958211,4978958206,79.3305462215
4978958206,4978958211,79.3305462215
4978958206,4890614357,271.813701575
4890614357,4978958206,271.813701575
6709671669,5592600416,124.247594878
5592600416,6709671669,124.247594878
5592600416,5592600624,352.2018025
5592600624,5592600416,352.2018025
1364514044,1364513985,86.0925582421
1364513985,1364514044,86.0925582421
4978902774,4978902772,70.4607506608
4978902772,4978902774,70.4607506608
4978902772,4978902769,70.4804025448
4978902769,4978902772,70.4804025448
4978902769,4978902776,320.36325226
4978902776,4978902769,320.36325226
1364588728,5789337566,5.30495463306
5789337566,4979116375,21.2496071623
4979116375,4979116377,72.3075196151
566686277,4972478097,206.931442541
4972478097,4972477958,322.157055914
4972477958,2328418160,131.668735344
2328418160,4972477909,20.2355948168
4972477909,1380069023,271.080674905
2686216951,2686165187,163.487386812
2686165187,2686216951,163.487386812
4978332110,4978332109,54.7120874571
4978332109,4978332110,54.7120874571
4978913835,4978913834,144.919592158
4978913834,4978913835,144.919592158
4978913834,4978913832,114.437074741
4978913832,4978913834,114.437074741
6880449503,4979042652,116.92252245
4979042652,6880449503,116.92252245
4979042652,4979037932,189.367281006
4979037932,4979042652,189.367281006
1364513884,1364513419,49.5484860856
1364513419,1364513884,49.5484860856
1364513419,1364513661,61.8672372924
1364513661,1364513419,61.8672372924
1364513661,1364513699,22.8937569815
1364513699,1364513661,22.8937569815
1364513699,1364513009,65.4671157098
1364513009,1364513699,65.4671157098
1364513009,1364513729,30.4447595305
1364513729,1364513009,30.4447595305
1364513729,1364513089,34.84698941
1364513089,1364513729,34.84698941
1364513089,1364513382,59.1664838549
1364513382,1364513089,59.1664838549
1364513382,1364513807,64.4927248844
1364513807,1364513382,64.4927248844
1364513807,4415545031,7.97547206755
4415545031,1364513807,7.97547206755
4415545031,1364513920,168.106620436
1364513920,4415545031,168.106620436
1364513920,1364513132,120.171075325
1364513132,1364513920,120.171075325
1364513132,1364513565,39.5327251274
1364513565,1364513132,39.5327251274
6723201181,6723201180,136.589259145
6723201180,6723201181,136.589259145
7087342634,7087342616,263.381928048
7087342616,7087342634,263.381928048
4983811635,4983809478,104.369967067
4983809478,4983811635,104.369967067
4983809478,4983812263,120.20888176
4983812263,4983809478,120.20888176
4989618127,4989618129,129.745842729
4989618129,4989618127,129.745842729
4972478190,6176266340,153.390780755
6176266340,4972478190,153.390780755
6176266340,5592497171,32.1469780449
5592497171,6176266340,32.1469780449
5592497171,6176266347,50.5143541818
6176266347,5592497171,50.5143541818
6176266347,6176266344,63.5303222418
6176266344,6176266347,63.5303222418
6176266344,6176266346,58.9556023415
6176266346,6176266344,58.9556023415
6176266346,4972478082,24.7790019713
4972478082,6176266346,24.7790019713
4972478082,4972478017,190.922844919
4972478017,4972478082,190.922844919
4979152684,4979154071,242.254389547
4979154071,4979152684,242.254389547
4978979600,4979015229,149.17999792
4979015229,4978979600,149.17999792
6975479609,6975479608,67.6036676678
6975479608,6975479609,67.6036676678
4969276040,4969276039,35.181497919
4969276039,4969276040,35.181497919
2328418093,2328418105,166.392553482
2328418105,2328418102,890.269653885
4972482336,4972482508,501.875306601
4972482508,4972482336,501.875306601
4972482508,5788981958,355.172272209
5788981958,4972482508,355.172272209
4976866971,4976866968,130.210113188
4976866968,4976866971,130.210113188
4978330583,4978330573,272.197410217
4978330573,4978330583,272.197410217
4976478621,4976478624,59.6957497987
4976478624,4976478621,59.6957497987
4976478624,4892666175,201.365268468
4892666175,4976478624,201.365268468
4978917633,5789524052,8.79979330736
5789524052,4978917633,8.79979330736
5789524052,4978916555,63.4217554139
4978916555,5789524052,63.4217554139
4978916555,5789532657,114.741302101
5789532657,4978916555,114.741302101
6016305557,566695760,21.6327442862
4983805430,4983799733,232.438514584
4983799733,4983805430,232.438514584
4983799733,4983803695,357.524715898
4983803695,4983799733,357.524715898
4983803695,4983803693,30.5384307928
4983803693,4983803695,30.5384307928
4983803693,4983804952,259.302794254
4983804952,4983803693,259.302794254
4983804952,4983803152,278.382973784
4983803152,4983804952,278.382973784
4983803152,4983803697,55.9532209049
4983803697,4983803152,55.9532209049
4977091153,4977091778,32.0463422868
4977091778,4977091153,32.0463422868
4977285014,4977285017,113.926940353
4977285017,4977285014,113.926940353
4079922177,4974716913,193.913501036
4974716913,4079922177,193.913501036
4974716913,4892665982,56.8015586159
4892665982,4974716913,56.8015586159
4892665982,4892665970,147.61315771
4892665970,4892665982,147.61315771
4978913915,4978924545,325.48031216
4978924545,4978913915,325.48031216
5592311515,5592313821,176.768689381
5592313821,5592311515,176.768689381
4976865613,4976865609,173.083526956
4976865609,4976865613,173.083526956
4976710558,4976710563,246.920112579
4976710563,4976710558,246.920112579
4979129061,4979129024,57.3511115874
4979129024,4979129061,57.3511115874
4979129024,4979129062,6.04918561366
4979129062,4979129024,6.04918561366
4979129062,4979126144,19.9611910455
4979126144,4979129062,19.9611910455
4979126144,4979128716,4.06055189457
4979128716,4979126144,4.06055189457
4979128716,4979126145,58.9708493289
4979126145,4979128716,58.9708493289
4978330275,4978330262,122.475574799
4978330262,4978330275,122.475574799
4978330262,4978330253,121.330621437
4978330253,4978330262,121.330621437
4978330253,4978330248,105.441585515
4978330248,4978330253,105.441585515
4978330248,4978330258,101.814538949
4978330258,4978330248,101.814538949
4977206367,4977206369,256.816981621
4977206369,4977206367,256.816981621
4972478440,5049756269,35.3533234687
5049756269,4972478440,35.3533234687
4983832108,4983818879,73.9707834848
4983818879,4983832108,73.9707834848
5622971355,1364340556,245.757006377
1364340556,5622971355,245.757006377
4978961066,4978959703,94.1451703042
4978959703,4978961066,94.1451703042
4979066932,4979064820,109.52885253
4979064820,4979066932,109.52885253
4979064820,4979066934,32.2185991524
4979066934,4979064820,32.2185991524
4979066934,4979066254,124.847427084
4979066254,4979066934,124.847427084
4994016420,4994016433,120.535578192
4994016433,4994016420,120.535578192
4994016433,4994016444,89.5490363375
4994016444,4994016433,89.5490363375
4994016444,566708974,197.76928423
566708974,4994016444,197.76928423
5053828667,1364513362,20.5664021995
1364513362,5053828667,20.5664021995
1364513362,1364513207,228.890767878
1364513207,1364513362,228.890767878
1364513207,1364513203,66.0236182167
1364513203,1364513207,66.0236182167
1364513203,1364513174,86.146369843
1364513174,1364513203,86.146369843
1364513174,1364513588,16.9159153682
1364513588,1364513174,16.9159153682
1364513588,1364513776,39.4596431635
1364513776,1364513588,39.4596431635
1364513776,1364513972,11.3367515024
1364513972,1364513776,11.3367515024
1364513972,1364513136,54.4925588576
1364513136,1364513972,54.4925588576
1364513136,1364513262,131.644803728
1364513262,1364513136,131.644803728
4892939013,4976595371,85.1469879233
4976595371,4892939013,85.1469879233
4976595371,4892939014,29.5935358883
4892939014,4976595371,29.5935358883
1364340913,1364340380,92.7815950232
1364340380,1364340913,92.7815950232
1364340380,1364340404,150.916188698
1364340404,1364340380,150.916188698
1364340404,1364340485,78.6378927604
1364340485,1364340404,78.6378927604
1364340485,1364340759,38.9973513043
1364340759,1364340485,38.9973513043
1364340759,4979123496,54.6147452283
4979123496,1364340759,54.6147452283
4979123496,4979126961,119.656653051
4979126961,4979123496,119.656653051
4979126961,653096784,55.7309825041
653096784,4979126961,55.7309825041
4983829503,4983830419,228.159914
4983830419,4983829503,228.159914
4983830419,4978333193,372.018009725
4978333193,4983830419,372.018009725
1364513092,1364513529,245.19185012
1364513529,1364513092,245.19185012
2686165170,2686165178,84.5459486063
2686165178,2686165170,84.5459486063
4976595665,4994040353,41.7527861785
4994040353,4976595665,41.7527861785
4994040353,4994039719,463.725792577
4994039719,4994040353,463.725792577
4994039719,4994040327,115.996571689
4994040327,4994039719,115.996571689
4994040327,4976595628,163.886628738
4976595628,4994040327,163.886628738
5443254095,5443254096,15.8038004031
5443254096,5443254095,15.8038004031
1364513225,1364514043,146.376711486
1364514043,1364513225,146.376711486
1364514043,1364513816,54.3738126954
1364513816,1364514043,54.3738126954
4994016148,4994016150,44.6493237835
4994016150,4994016148,44.6493237835
1364513274,1364513950,245.20680082
1364513950,1364513274,245.20680082
1364513950,1364513315,50.1580561608
1364513315,1364513950,50.1580561608
1364513315,1364513207,63.9109795537
1364513207,1364513315,63.9109795537
7079643723,7079643721,176.426257125
7079643721,7079643723,176.426257125
